10 Ivan teacher 15000 17000 20000 19000 27000 47000
11 Ivanovitch driver 13000 17000 20000 19000 27000 47000
12 Ivanov scientist 30000 37000 18000 19000 27000 47000
13 Petrov programmist 12600 17000 20000 19000 27000 47000
14 Sergey manager 15000 17000 12000 19000 27000 47000
15 Mila Director 152000 170000 120000 119000 127000 147000
16 Ivan Statistician 215000 217000 220000 129000 127000 247000
17 Vladmir Controler 65000 47000 20000 13000 27000 47000
18 Augustin ingenieur 85000 170000 120000 119000 127000 417000
19 Rene receiption 14500 17000 20000 19000 27000 17000

